baseball,0.4024187467814223,-0.09066697310291236,0.65
beer,0.49262927966147796,-0.19270105098908838,0.65
can_coke,0.5037591576400953,-0.009880352093455447,0.65
can_pepsi,0.1164800113923915,-0.2765577427120724,0.65
can_fanta,0.6959623811755213,0.2479528845415105,0.65
can_sprite,0.24051867317353662,-0.054823052362678704,0.65
chips_can,0.6910228863807906,0.1614848009244801,0.65
coffee_box,0.12883061270312676,-0.1624899188868139,0.65
cracker,0.2688963686520276,-0.12662248467265486,0.65
cup,0.6089112305558451,0.16002917269783612,0.65
donut,0.4947504287465223,-0.146064977611511,0.81
fork,0.11367198805363112,0.2685675032674831,0.65
gelatin,0.5741462550740333,-0.2741531107890478,0.65
meat,0.47415856296361636,-0.04491039863699292,0.772
mustard,0.4862886118511665,0.21988109146177942,0.65
newspaper,0.5917543179957494,-0.24333799629257333,0.744
orange,0.47500936108345976,-0.1933739817327471,0.81
pear,0.119829128071628,0.22567131457760153,0.75
plate,0.22507886975432864,-0.15733298513189367,0.65
soccer_ball,0.14446447268637214,-0.22895278443121914,0.65
soup,0.506247824224177,0.050629711153567125,0.65
sponge,0.22559367805463057,0.01212700264341382,0.65
sugar,0.4654274221105661,0.08798657166467455,0.65
toy,0.4935239076291729,-0.0502016881710822,0.772
*
baseball,0.5796021913078759,0.12259256305825672,0.65
beer,0.5655631165371624,0.23999058575876436,0.65
can_coke,0.6358726726457575,0.06641416468813355,0.65
can_pepsi,0.5583877260990653,0.25180477275094443,0.81
can_fanta,0.5767069134293374,-0.13540367122517108,0.65
can_sprite,0.5739488486505939,0.2055496391178015,0.81
chips_can,0.36587533271312783,0.2300060869811837,0.65
coffee_box,0.25395416091270623,0.0810618589588944,0.65
cracker,0.2286499286289762,0.13853054608742782,0.65
cup,0.47172608252404646,-0.04605724800794714,0.65
donut,0.4486020970156041,0.2867933572119467,0.65
fork,0.5798842478895004,0.2129934106957963,0.81
gelatin,0.13927337461741435,-0.04866973494550475,0.65
meat,0.6093650988521306,0.04486871320652103,0.772
mustard,0.629461108904112,-0.28209206988715424,0.65
newspaper,0.37039589821189595,-0.257406249826931,0.65
orange,0.15157063640384089,0.09396601119041142,0.65
pear,0.13915755025364426,0.0411826068672797,0.65
plate,0.6988605505700105,-0.23610063545684398,0.65
soccer_ball,0.22883688492565726,0.08078627546771366,0.8200000000000001
soup,0.12182521189885012,0.198056452530812,0.65
sponge,0.27284203262112317,-0.10977153818472088,0.65
sugar,0.607094959915552,0.037787193390582174,0.772
toy,0.5141000347995854,0.2876304828653234,0.65
*
baseball,0.24717994377660343,0.01238181717040171,0.65
beer,0.31655621220175834,0.010024809996789119,0.65
can_coke,0.16390506750115136,-0.040586237386492696,0.65
can_pepsi,0.3812911672197955,-0.06595077703527966,0.65
can_fanta,0.5195094079133813,0.16723160348798166,0.65
can_sprite,0.30728267485891547,-0.2361025038658311,0.65
chips_can,0.1003066666206785,-0.2799921385053332,0.65
coffee_box,0.5135930153524226,-0.20339262714490058,0.65
cracker,0.5167679685478432,0.02207404567898552,0.65
cup,0.3642263623752925,0.19507270652046144,0.65
donut,0.5440997564754613,0.048510129601698815,0.88
fork,0.32334486859183076,-0.07049439502645946,0.65
gelatin,0.3482092614536683,0.2542573611478112,0.65
meat,0.5704442380163393,-0.11024875031258569,0.65
mustard,0.12631134492769522,-0.2837518764257029,0.95
newspaper,0.24921705313950113,-0.07566039826073764,0.65
orange,0.25217963005256167,-0.27419644197827747,0.65
pear,0.5064267729095118,-0.20784042108512574,0.8200000000000001
plate,0.6272393275717176,-0.2941850936605155,0.65
soccer_ball,0.591965352927315,-0.04767662670235284,0.65
soup,0.4503152893848833,-0.2914798707179475,0.65
sponge,0.4784268030187971,0.027116411399996987,0.88
sugar,0.3392951549077925,0.10168210661957167,0.65
toy,0.46059207504108757,-0.03332656225408481,0.65
*
baseball,0.1045799998109353,-0.03152955041304806,0.65
beer,0.6696081942882617,0.24831779815475924,0.65
can_coke,0.1555539106087508,0.2678676165323613,0.65
can_pepsi,0.3742751758314551,-0.19282668396451408,0.65
can_fanta,0.5290755937271772,-0.043873090879486876,0.65
can_sprite,0.18320460484954298,-0.034810912198054766,0.65
chips_can,0.13289204634800378,0.1885020462534021,0.65
coffee_box,0.4175775916760987,0.13013211575008687,0.65
cracker,0.24512158427640013,-0.06912033421669522,0.65
cup,0.429572330358974,-0.08249171373832756,0.65
donut,0.2862051801239661,-0.07304904728268244,0.88
fork,0.19306469352936567,-0.29913282420709847,0.65
gelatin,0.6250707433322866,-0.16648309090070063,0.65
meat,0.6790990770898837,-0.0675895582425779,0.65
mustard,0.6921841960141915,-0.13391249023297272,0.65
newspaper,0.49775341222296976,-0.19634307330780493,0.65
orange,0.5976289536155481,-0.17463062968604826,0.744
pear,0.3670758127870203,0.0008489884239060719,0.65
plate,0.4825235107100118,0.08042127538008842,0.65
soccer_ball,0.10451823225869174,-0.017386549573240817,0.723
soup,0.6877972669017036,-0.0793025190001749,0.744
sponge,0.20770354186246104,-0.0943694131486496,0.88
sugar,0.2029240650704105,0.19616260445933675,0.65
toy,0.3383855908126813,-0.009793905593345309,0.726
*
baseball,0.22713974643144963,0.11440884332336465,0.65
beer,0.3328187201158891,0.12028489936544168,0.65
can_coke,0.6380379465119015,0.20470247479817621,0.65
can_pepsi,0.3344853368866967,0.22455075451509682,0.65
can_fanta,0.5464073025382854,0.16980784906864527,0.65
can_sprite,0.38373027794046316,-0.10689121851904815,0.65
chips_can,0.18526913341768597,-0.03754424827094943,0.65
coffee_box,0.6042304074573424,0.019898123155221548,0.65
cracker,0.12258970076419061,-0.16448880799988785,0.65
cup,0.6367698609824544,-0.15523584200140478,0.65
donut,0.45325080188866035,-0.13202734556797166,0.65
fork,0.1384764262138459,-0.014281140524330882,0.65
gelatin,0.48622429712981446,0.18437768194089632,0.65
meat,0.5809527495281198,0.22664892876733572,0.65
mustard,0.34188330825210383,-0.269297668471172,0.65
newspaper,0.27530951901787515,-0.2283566446141027,0.65
orange,0.46268654195438874,0.28083567109080904,0.65
pear,0.6082890890017394,-0.0311525128485568,0.65
plate,0.5808070485137384,0.02388097516759735,0.8200000000000001
soccer_ball,0.4684705352288068,-0.23552172382911957,0.65
soup,0.16661766011420415,0.07056898811409501,0.65
sponge,0.41728564910548355,-0.2936670081061929,0.65
sugar,0.36568752055998033,0.16110728640469463,0.65
toy,0.3723097234491644,0.1806485478220738,0.8200000000000001
*
